12
316
837226
11313038
1359
2124
500940
56
56
166155
3
8
3
12
5
14
131150003
131150003
39840
3000
14
3
6
15
6
3
5
5
13
14530
69867
43042
551399
7
4
11
3
4
12
17
560779
6
45
97
19941
8909188
122
7
92
10813260
7111
672066
7482958
7482958
11364336
9
8
5
8
8
15
1042559
76
233
50
60
186
117
44
72
656998117
12
10
13
13
6
15
762887
448021
50478
3957
2741
45700669
6
11
7
13
12
14
213562819995
11930
1969
21557
317596
23
804948
33
77
55
70
48080
48080
15434084
1000751573916
26125589721
2330
95793
4
8
10
14
6
15
10
12
2
37
249
777021238501
1806
1959
10
1074
3506
189
591168
14
15
2574706912
5
126
2360
243
85653345
85653345
11433002
43733
712797
167
5995039410852
93
1845
191
31573944
13
469250
16
45807
30151023
3392
243113
226379457
57
10123092321
391385978677
21620
1839
169
11
16935
2
16541055
3056
3
186559493
15359
247
1
41
